0
-1.06430531645345e-05
-3.93631943772863e-05
-7.92132867118080e-05
-0.000119650324201802
-0.000145455388211914
-0.000135638448798599
-6.25435177236715e-05
0.000108613368398115
0.000419554224473750
0.000917922881323110
0.00165534142803188
0.00268453391929023
0.00405562031194399
0.00581179317657814
0.00798468804885701
0.0105898333607601
0.0136226076035265
0.0170551326778980
0.0208344902307324
0.0248825636047611
0.0290976878091306
0.0333581436804116
0.0375273733149654
0.0414606369392133
0.0450126920125748
0.0480459676527936
0.0504386428259580
0.0520920225811481
0.0529366455604199
0.0529366455604199
0.0520920225811481
0.0504386428259580
0.0480459676527936
0.0450126920125748
0.0414606369392133
0.0375273733149654
0.0333581436804116
0.0290976878091306
0.0248825636047611
0.0208344902307324
0.0170551326778980
0.0136226076035265
0.0105898333607601
0.00798468804885701
0.00581179317657814
0.00405562031194399
0.00268453391929023
0.00165534142803188
0.000917922881323110
0.000419554224473750
0.000108613368398115
-6.25435177236715e-05
-0.000135638448798599
-0.000145455388211914
-0.000119650324201802
-7.92132867118080e-05
-3.93631943772863e-05
-1.06430531645345e-05
0